Mean: 8.94212
Configuration: 2 1 4 2 4 
Mean: 8.97118
Configuration: 2 1 3 3 6 
Mean: 9.26721
Configuration: 2 1 3 2 6 
