Mean: 9.40518
Cost: 2950
Configuration: 2 1 4 4 4 
Mean: 9.78511
Cost: 2850
Configuration: 2 1 3 2 5 
Mean: 9.99311
Cost: 2850
Configuration: 2 1 3 3 5 
